0.965225	0.473472
-0.699742	-1.395297
3.161909	-9.980282
3.988988	-17.064416
-0.201391	0.830860
1.543582	-4.192230
-4.546126	-23.557209
-1.982447	-1.907875
-4.014056	-17.969294
-0.286114	-0.498260
1.275316	-1.113137
1.209429	-2.039413
2.933509	-7.641831
3.934359	-12.472433
3.072436	-6.267432
1.870330	-3.454217
-1.677039	-2.329257
-2.506111	-8.345387
2.884676	-9.471988
3.705049	-12.661435
-0.906539	-1.373605
3.989167	-15.004250
0.809615	-1.662706
-4.009637	-17.513360
-1.464957	-1.457388
4.609531	-20.646752
-0.769702	-1.527353
-1.949714	-5.051494
4.929536	-22.885589
-1.762355	-3.164888
-3.358824	-11.865006
-3.794925	-15.373963
1.265627	-2.381433
1.617068	-2.926436
-1.215059	-1.612517
3.998940	-16.192059
1.642551	-2.357250
-1.774051	-3.402150
4.677896	-21.235495
0.832451	0.492654
-1.836288	-3.355175
-1.532887	-2.025876
2.566977	-5.559750
-0.989513	0.057322
1.341416	-1.507708
-0.216728	-0.625543
3.304263	-9.801420
1.702192	-1.316870
-2.928500	-8.272546
2.992675	-8.120624
-4.907547	-25.892186
-0.505511	-0.184588
-3.215884	-10.291651
4.326210	-16.965799
1.948672	-3.614434
4.525433	-21.099189
-0.428971	-2.544059
2.866018	-7.589952
-0.829200	-0.056990
0.372496	0.688403
4.714790	-22.479144
1.223925	-2.791540
-0.673967	-3.159385
2.622341	-7.052665
1.166986	-2.898505
-1.002325	-2.158512
2.179868	-4.691072
-3.032513	-9.660932
-4.764721	-23.925063
2.848355	-7.072342
4.630332	-18.263119
-0.655145	-1.155506
-3.204068	-12.062105
3.480554	-12.381386
-2.394298	-7.298823
4.540686	-19.847823
-4.140800	-18.176476
-1.274879	-2.176129
-1.750128	-3.510413
3.537739	-12.512380
2.278615	-5.775225
-4.643588	-22.513363
-0.534829	-0.587329
-4.692751	-21.818478
4.962994	-23.771946
-2.337296	-5.279431
-3.982508	-17.140031
2.081444	-4.663205
1.780097	-3.865094
0.075432	-0.835216
0.128737	0.611243
-1.285372	-1.524146
4.723668	-21.106662
3.610464	-12.561503
-3.512082	-14.328930
-2.951868	-8.283864
-4.314470	-18.621736
-2.365217	-7.278708
-0.309120	-0.328028
3.008599	-7.317040
-4.516015	-21.380236
0.747674	-0.452355
-3.608461	-15.063014
4.787385	-23.513173
-3.068613	-9.972442
2.521785	-7.032616
-1.575585	-1.325247
3.338940	-13.044775
-1.363177	-1.708482
-1.155537	-3.534821
3.689931	-11.382143
-3.934203	-15.876852
4.685457	-20.796160
-1.225614	-0.561195
0.422137	0.779824
-3.685215	-13.839552
-2.616523	-7.570169
-3.849463	-15.001132
-4.989706	-24.739875
-4.907542	-24.105026
1.899938	-3.536229
-4.006869	-16.798235
0.660409	-0.204317
-1.511569	-1.606322
3.024760	-8.544558
-0.602691	-0.710622
-0.848354	-0.410770
-2.491130	-6.982138
0.319157	-0.516344
-4.187839	-18.709790
1.260319	-0.890033
-4.844695	-23.925021
2.021208	-6.631132
2.952827	-7.195233
-2.754522	-7.706566
1.665908	-2.088872
-3.438570	-12.834769
3.162225	-9.414201
1.882464	-2.488686
0.949367	-1.484972
1.346308	-3.318491
-1.236214	-1.626132
3.004202	-8.464328
-2.125410	-6.042204
-0.229170	-1.984375
1.730526	-2.497370
-3.294162	-13.334478
-2.526919	-8.017139
-2.781313	-8.850632
-0.234539	-1.331137
-0.039110	-0.941463
-1.383939	-1.449505
0.235706	-0.517860
0.904257	-0.645881
-4.651933	-22.873435
-4.728514	-24.269907
2.733160	-5.746508
-3.420369	-15.019894
-0.493611	-1.471609
-4.941138	-25.438267
-2.849654	-7.620851
2.300299	-4.205810
1.650174	-3.026160
-0.583851	-0.418888
1.465966	-1.857087
-1.377175	-3.541088
4.634696	-18.400552
-3.432202	-11.245037
1.234297	-0.846037
-0.048808	-0.030284
4.742554	-21.599292
4.161582	-14.714308
-0.727221	-0.854410
4.233258	-17.884367
-3.498773	-14.051382
4.359204	-18.131663
-1.028126	-1.074416
2.701088	-6.479033
4.332364	-18.154890
3.021867	-7.407688
-3.838229	-16.050247
4.966290	-24.138704
3.617023	-11.680525
-0.840206	-0.221911
-4.774073	-23.732203
2.044746	-3.596478
-2.844104	-8.472697
3.257417	-9.732087
-2.468220	-8.047046
3.375469	-11.606789
-0.335624	-0.713901
-1.396584	-1.012476
2.194843	-3.871623
-1.503563	-3.971024
-4.025953	-19.053459
3.732305	-11.989686
2.904014	-7.305719
1.790226	-2.720185
3.737324	-13.505519
-2.131516	-3.921883
2.048552	-3.991328
0.734328	1.123069
-3.181628	-11.204427
-3.214324	-11.255579
4.634162	-19.277287
2.090984	-3.421702
-3.320531	-11.321589
1.342965	-2.426450
3.252750	-9.776523
-4.525477	-22.045818
-1.384424	-2.393211
-1.151574	-0.762670
-4.038463	-17.023998
-4.016064	-16.196354
-2.471141	-6.352084
0.729403	1.203068
-1.461325	-2.550973
3.660051	-10.814859
4.805398	-22.502837
-1.175211	-1.459662
-2.792346	-7.079632
-0.108791	0.220796
-0.831202	-2.442515
2.869986	-6.827663
1.964104	-3.423541
-4.182256	-17.984244
-3.938356	-16.836141
0.532881	0.396919
2.259744	-6.005852
-0.295256	0.921344
2.011985	-3.799881
-3.013188	-9.877307
4.986484	-24.286602
-1.189573	-1.062609
-4.597005	-21.640815
-0.167317	-1.487301
-2.383233	-6.310427
2.335522	-4.113825
-1.347442	-2.293730
3.607025	-14.174406
-4.186724	-18.642196
0.218591	-1.034571
3.198892	-9.473412
4.764818	-21.724847
4.836946	-22.860559
1.112865	-0.515360
0.187064	0.124511
-2.454392	-7.738880
0.596361	-1.942967
-4.855933	-25.358358
2.858750	-8.421741
-3.712960	-14.406673
2.297949	-5.296282
-4.469173	-20.823849
-2.764080	-6.660710
-1.157247	-2.758470
